HEDERA_ACCOUNT_ID=0.0.6866823
PRIVATE_KEY=0x794ccf358cf6f3ac6556b46dafe021bc8c565e77d7233ef8a05d819cb8563c8e
HEDERA_NETWORK=testnet
VAULT_MANAGER_ID=0.0.7132045
VAULT_MANAGER_ADDRESS=0x5db8d6e05156e532a55e6e98e4bfc33df9cd8586
