HEDERA_ACCOUNT_ID=0.0.6866823
PRIVATE_KEY=
HEDERA_NETWORK=testnet
VAULT_MANAGER_ID=0.0.7132045
VAULT_MANAGER_ADDRESS=0x5db8d6e05156e532a55e6e98e4bfc33df9cd8586
